world: lobby
x: 18.850019989827636
y: 62.9375
z: -17.77248846723998
yaw: -135.75444
pitch: -2.100028
name: auction
lastowner: 047f54e0-4dac-40f3-8c40-88e312163ce0
