world: lobby
x: 32.5
y: 62.9375
z: 24.5
yaw: 180.14664
pitch: 1.949998
name: eggs
lastowner: 047f54e0-4dac-40f3-8c40-88e312163ce0
