world: lobby
x: -27.5
y: 18.9375
z: -76.5
yaw: 90.14873
pitch: -4.8000326
name: quests
lastowner: 047f54e0-4dac-40f3-8c40-88e312163ce0
