world: lobby
x: 34.5
y: 19.0
z: -87.5
yaw: 135.29567
pitch: 0.74994767
name: shop
lastowner: 047f54e0-4dac-40f3-8c40-88e312163ce0
