world: lobby
x: 24.50903378808697
y: 62.9375
z: 32.536278640676635
yaw: 91.03968
pitch: -0.45000836
name: skills
lastowner: 047f54e0-4dac-40f3-8c40-88e312163ce0
